VOD IDS (Starting from newest to oldest)
169562281 (August 24, 2017)
169317471
168838538
167820113
167583980
167073405
166022797
165293706
164266921
164003281
163512358
162524853
162305979
161047883
160547633
160022405
159005155
158757466
158202552 (pt2)
158202424 (pt1)
157199560 (July 6, 2017)
156941365
156438785
154007115
153548017
153087335
152880395
152396223
151921138
151497400
151018778
151018532
151018413
149375398
149375271
149375178
149375061
147024781
146498725
145786185
144721048
144245545
144245491
141700182
141699864
140217576
139978343
139513346
138336798 (April 26, 2017)
137914023
137242952
136819948
134652671
133924871 (pt2)
133924720 (pt1)
133330641
132178536
131726326
131522100
130589571
130157999
130157845
129001409
127391379
126976031
126975862
126975798
125323210
124329624
124329508
123642679
123424539
122432990
122432632
121238349
120763040 (pt2)
120762986 (pt1)
120462376
119312802
119043096
118645479
117638266
117365514 (January 25, 2017)
116911868 (pt2)
116911458 (pt1)
115967058
115718560
115328018 (pt2)
115327935 (pt1)
114837603
114397947
113715066
112450112
112228779 (pt2)
112228876 (pt1)
111743764
110794016
110562870
110077489
109085726
108684805
107974606
107558893
107156014
106222480
105988450 (December 7, 2016)
105815627
105612556
105202225
104087024
103227724 (pt2)
103227662 (pt1)
103028947
102622476
101736578
101542574
101542754 (pt1, NO PART 2)
100783630
100783515 (pt2)
100783430 (pt1)
99803438 (November 7, 2016)
98915675
98708506
98355852 (pt2)
98355817
97555095
97336535
97031711
96188933
96022834
95621538
94757480
94646633
94246140
93634291
93230658
93091553
92342467
92001712
91592834
90856475
89069043
88352549
88167133
86883243
86510045
86102683
85568171
85184318
84406355
84255416 (August 17, 2016)
84065691
84065913 (pt1, NO PART 2)
82925774
82571134
82032641
81642904 (pt2)
81643006 (pt1)
81292735
80920130
80395332
80013592
79704011
79187531
78834173
77972642
77612072
76876542
76677282 (July 6, 2016)
76305283
76085279
75347776
74974141
74188234
73616030
71585788
71585694
71035001
70233095
70032284 (June 1, 2016)