52592402
43432077
38353155
38096137
36346803
35317684
34981089
33684482
33121774
33121664
32383150
32112268
32112435
31219398
30893674
30701177
29336172
29036533
29036509
28038862
28038847
27993892
27993880
27740914
27740832
27388841
27388745
27388544
27388495
26554142
26554114
25177788
23761392
23761317
23369491
23369241
22341060
22341030
21824645
21824598
21679715
21679680
21395545
21395501
20766362
20766343
19348559
19348536
18718243
18718198
18586704
18586647
18301202
18301167
17496223
17496200
16565613
16565573
16565519
16565465
16275713
16275691
15470696
15470667
15318918
15318843
15019428
15019407
14347192
14347155
14347108
14347061
11987235
11987157
11987039
11986997
11488121
11488080
10835925
10835886
10727396
10727366
10477871
10477819
10477731
9865652
9865615
9621209
9621138
9160459
9160434
9043295
8775968
8775932