169562281
169317471
168838538
167820113
167583980
167073405
166022797
165293706
164266921
164003281
163512358
162524853
162305979
161047883
160547633
160022405
159005155
158757466
158202552
158202424
157199560
156941365
156438785
154007115
153548017
153087335
152880395
152396223
151921138
151497400
151018778
151018532
151018413
149375398
149375271
149375178
149375061
147024781
146498725
145786185
144721048
144245545
144245491
141700182
141699864
140217576
139978343
139513346
138336798
137914023
137242952
136819948
134652671
133924871
133924720
133330641
132178536
131726326
131522100
130589571
130157999
130157845
129001409
127391379
126976031
126975862
126975798
125323210
124329624
124329508
123642679
123424539
122432990
122432632
121238349
120763040
120762986
120462376
119312802
119043096
118645479
117638266
117365514
116911868
116911458
115967058
115718560
115328018
115327935
114837603
114397947
113715066
112450112
112228779
112228876
111743764
110794016
110562870
110077489
109085726
108684805
107974606
107558893
107156014
106222480
105988450
105815627
105612556
105202225
104087024
103227724
103227662
103028947
102622476
101736578
101542574
101542754
100783630
100783515
100783430
99803438
98915675
98708506
98355852
98355817
97555095
97336535
97031711
96188933
96022834
95621538
94757480
94646633
94246140
93634291
93230658
93091553
92342467
92001712
91592834
90856475
89069043
88352549
88167133
86883243
86510045
86102683
85568171
85184318
84406355
84255416
84065691
84065913
82925774
82571134
82032641
81642904
81643006
81292735
80920130
80395332
80013592
79704011
79187531
78834173
77972642
77612072
76876542
76677282
76305283
76085279
75347776
74974141
74188234
73616030
71585788
71585694
71035001
70233095
70032284
69629025
69274199
68664591
68290736
68290668
68290629
66931521
66523331
66523234
65594056
65593978
64650133
64257846
62094793
61894976
61512912
61334323
60490983
60303544
58713797
58519051
58518774
57343514
57343470
56446309
56446216
56244727
56244572
52846242
52592734
52592402
43432077
38353155
38096137
36346803
35317684
34981089
33684482
33121774
33121664
32383150
32112268
32112435
31219398
30893674
30701177
29336172
29036533
29036509
28038862
28038847
27993892
27993880
27740914
27740832
27388841
27388745
27388544
27388495
26554142
26554114
25177788
23761392
23761317
23369491
23369241
22341060
22341030
21824645
21824598
21679715
21679680
21395545
21395501
20766362
20766343
19348559
19348536
18718243
18718198
18586704
18586647
18301202
18301167
17496223
17496200
16565613
16565573
16565519
16565465
16275713
16275691
15470696
15470667
15318918
15318843
15019428
15019407
14347192
14347155
14347108
14347061
11987235
11987157
11987039
11986997
11488121
11488080
10835925
10835886
10727396
10727366
10477871
10477819
10477731
9865652
9865615
9621209
9621138
9160459
9160434
9043295
8775968
8775932